0000000000000000000000000
0000000000000000000000000
0000000000000000000000000
0000000000000000000000000
0000000000000000000000000
0000000000000000000000000
0000000000000000000000000
0000000000000000000000000
0000000000000000000000000
0000000000000000000000000
0000000000000000000000000
0000000000000000000000000
0000000000000000000000000
0000000000000000000000000
0000000000000000000000000
0000000000000000000000000
000000000000000000B000000
00000B00000BBB0000B000000
00000B0000BBBB0000B000000
00000B0000BBBB0000B000000
00000B0000B00B0000B000000
00000B000000000000B000000
00000B000000000000B000000
000000BBBBBBBBBBBB0000000
0000000000000000000000000
0000000000000000000000000
0000000000000000000000000
0000000000000000000000000
0000000000000000000000000
