0000000000000000000000000
0000000000000000000000000
00V000000000000000000V000
00V000011111111110000V000
00V000011111111110000V000
00V000011111111110000V000
00V00001111AA11110000V000
00V000000000000000000V000
00V000000000000000000V000
0000000000000000000000000
0000000000000000000000000
0000000000000000000000000
MMMMMMMMMMM00MMMMMMMMMMMM
0000000000000000000000000
0000000000011000000000000
0000000000011000000000000
0000000000011000000000000
0000000000011000000000000
0000000000011000000000000
0333033300011000033303330
0333033300011000033303330
0222022200011000022202220
02F202G20001100002E202D20
0010001000011000001000100
0011111111111111111111100
0000000000011000000000000
0000000000011000000000000
0000000000111100000000000
0000000001111110000000000
0000000000111100000000000
0000000000011000000000000
0000000000011000000000000
MMMMMMMMMMM11MMMMMMMMMMMM
0000000000011000000000000
0000000000011000000000000
0000000000011000000000000
0000000000011000000000000
0000000000011000000000000
0000000000011000000333000
0003330000011000000333000
0003330000011000000222000
00022200000110000002C2000
0002A20000011000000010000
0000100000011000000010000
0000111111111111111110000
0000000000011000000000000
0000000W00011000000000000
0000000000011000000000000
0000000000011000000000000
00000000000P1000000000000
000000AAAAAAAAAAAAA000000