0000000000000000000000000
0000000000000000000000000
00V000000000000000000V000
00V000011111111110000V000
00V000011111111110000V000
00V000011111111110000V000
00V000011111111110000V000
00V0000000S11S0000000V000
00V000000001100000000V000
0000000000011000000000000
0000000000011000000000000
0000000000011000000000000
0000000000011000000000000
0000000000S11S00000000000
0000000000011000000000000
0000000000011000000000000
0000000000011000000000000
0000000000011000000000000
0000000000011000000000000
0333033300011000033303330
0333033300011000033303330
0222022200011000022202220
0222022200011000022202220
0010001000011000001000100
0011111111111111111111100
0000000000011000000000000
0000000000011000000000000
000000000011110000G000000
0000000001111110000000000
0000000000111100000000000
0000000000011000000000000
0000000000011000000000000
0000000000011000000000000
0000000000011000000000000
0000000000011000000000000
0000000000011000000000000
0000000000011000000000000
0000000000011000000000000
0000000000011000000333000
0003330000011000000333000
0003330000011000000222000
000222000001100E000222000
0002220000011000000010000
0000100000011000000010000
0000111111111111111110000
0000000000011000000000000
0000000D0F011000000000000
0000000D00011000000000000
0000000000011000000000000
000000000001P000000000000
