0000000000000000000000000
0000000000000000000000000
0000000000000000000000000
0000000000000000000000000
0000000000000000000000000
0000000000000000000000000
0000000000000000000000000
0000000000000000000000000
0000000000000000000000000
0000000000000000000000000
0000000000000000000000000
0000000000000000000000000
0000000000000000000000000
0000000000000000000000000
0000000000000000000000000
0000000000000000000000000
0000000000000000000000000
0000000000000000000000000
0000000000000000000000000
0333033300000000033303330
0333033300000000033303330
02W202A20000000002P202M20
0222022200000000022202220
0010001000011000001000100
0011111111111111111111100
0000000000011000000000000
0000000000011000000000000
00000000001GG100000000000
0000000001GGGG10000000000
00000000001GG100000000000
0000000000011000000000000
0000000000011000000000000
0000000000011000000000000
0000000000011000000000000
0000000000011000000000000
0000000000011000000000000
0000000000011000000000000
0000000000011000000000000
0000000000011000000333000
0003330000011000000333000
0003330000011000000222000
00022200000110000002D2000
0002D20000011000000010000
0000100000011000000010000
0000111111111111111110000
0000000000011000000000000
0000000000011000000000000
0000000000011000000000000
0000000000011000000000000
0000000000011000000000000
