0000000000000000000000000
0000000000000000000000000
0000000000000000000000000
0000000000000000000000000
0000000000000000000000000
0000000000000000000000000
0000000000000000000000000
0000000000000000000000000
0000000000000000000000000
0000000000000000000000000
0000000000000000000000000
0000000000000000000000000
0000000000000000000000000
0000000000000000000000000
0000000000000000000000000
0000000000000000000000000
0000000000000000000000000
0000000000000000000000000
0000000000000000000000000
0000000000000000000000000
0000000000000000000000000
0000000000000000000000000
0000000000000000000000000
0000000000000000000000000
0000000000000000000000000
0000000000000000000000000
0000000000000000000000000
0000000000000000000000000
0000000000000000000000000
0000000000000000000000000
0000000000000000000000000
0000000000011000000000000
0000000000011000000000000
0000000000011000000000000
0000000000011000000000000
0000000000011000000000000
0000000000011000000000000
0000000000011000000000000
0000000000011000000333000
0003330000011000000333000
0003330000011000000222000
00022200000110000002D2000
0002D20000011000000010000
0000100000011000000010000
0000111111111111111110000
0000000000011000000000000
0000000000011000000000000
0000000000011000000000000
0000000000011000000000000
0000000000011000000000000
0000000000011000000000000
0000000000011000000000000